il_4_pg_per_mg,rantes_pg_per_mg,act_demented
2.68,15.99,No Dementia
3.02,24.04,No Dementia
0.8,129.8,Dementia
1.3,15.16,No Dementia
0,17.9,Dementia
0.54,55.03,No Dementia
1.16,16.81,Dementia
0.3,25.9,No Dementia
0.3,29.72,Dementia
4.76,20.48,No Dementia
0.22,30.1,No Dementia
0.46,31.7,Dementia
,,No Dementia
0,16.19,Dementia
2.78,9.42,No Dementia
2.68,10.04,No Dementia
0.22,79.08,Dementia
0,7.58,No Dementia
0.3,104.47,No Dementia
0,12.78,Dementia
0.84,98,No Dementia
0,17.64,No Dementia
0,13.47,No Dementia
0,11.78,Dementia
0.86,62.82,No Dementia
1.4,89.46,Dementia
0,0.1182,No Dementia
0,59,Dementia
0,14.9,No Dementia
0,14.84,Dementia
,,Dementia
4.02,181.62,No Dementia
0.88,11.58,Dementia
0,40.94,Dementia
13.78,88.97,No Dementia
0.84,81.36,Dementia
0,42.98,No Dementia
0,10.8,No Dementia
0.16,84.71,Dementia
1.91,91.29,No Dementia
0,22.82,No Dementia
0,14.66,Dementia
1.78,9.74,Dementia
0,35.8,No Dementia
3.28,73.14,Dementia
,,Dementia
0,7.92,No Dementia
1.28,221.24,No Dementia
0.16,84.67,Dementia
1.28,46,Dementia
0,18.8,No Dementia
0.68,108.6,No Dementia
0.3,31.92,Dementia
0,15.56,Dementia
1,31.98,Dementia
0.34,14.48,Dementia
,,No Dementia
0,16.28,No Dementia
1.3,30.9,Dementia
0,11.04,No Dementia
0.88,32.17,No Dementia
0,58.64,Dementia
1.54,30.64,No Dementia
0.3,34.58,Dementia
0.74,52.64,No Dementia
1.3,30.6,No Dementia
0.34,38.6,No Dementia
0,4.42,No Dementia
2.32,4.66,Dementia
0,29.7,Dementia
2.28,0,No Dementia
0,16.93,Dementia
2.68,41.16,Dementia
1.38,151.72,Dementia
0.3,90.5,No Dementia
0,0,No Dementia
0,5.06,No Dementia
0,32.48,No Dementia
0,78.9,No Dementia
1.3,87.36,Dementia
0,258.52,Dementia
4.02,32.72,No Dementia
0,19.32,Dementia
1.16,50.3,Dementia
,,No Dementia
0,23.46,No Dementia
0.3,34.62,No Dementia
,,No Dementia
0,81.4,Dementia
0,51.26,Dementia
0.3,34.58,Dementia
,,Dementia
0.24,86.93,Dementia
0.86,15,No Dementia
1.04,37.48,Dementia
,,No Dementia
0,12.16,No Dementia
1.86,21,No Dementia
1.28,52.74,Dementia
2.02,22.94,No Dementia
,,Dementia
0.52,12.3,No Dementia
,,Dementia
0.74,50.6,Dementia
0.38,134.3,No Dementia
1,114.46,No Dementia
2.68,41,Dementia
0,31.3,
0,10.18,
0.3,45.74,
2.5,41.08,
0,46.72,
,,
0,14.3,
2.5,36.14,
,,
0.3,7.32,
2.28,23.1,
0.3,24.62,
0,42.98,
,,
,,
,,
0,21.52,
0,25.64,
1.6,81.88,
0,8.4,
2.04,126.4,
,,
0,12.4,
0.36,12.96,
0,45.88,
0.3,43.04,
2.28,32.98,
2.54,107.48,
0,6.2,
2.68,97.22,
0,82.18,
0,17.16,
0,14.7,
2.32,27.04,
1.96,57.38,
1.78,65.28,
0.19,24.37,
3.76,36.28,
0.74,18.76,
0.88,73.61,
0,13.56,
0,9.86,
0,7.06,
4.52,68.58,
0,8.36,
0,0.1082,
2.04,124.74,
0.62,67.32,
0,3.46,
0.58,10.03,
0.86,153.78,
0,14.19,
0,10.42,
,,
0,14.12,
0.03,56.64,
0,5.76,
0.3,64.36,
0.34,29.14,
,,
0,18.5,
0,17.68,
5,37.7,
,,
0,20.32,
0.86,78.46,
,,
,,
5.26,28.38,
0.22,35.92,
0,13.36,
0.58,34.93,
0.3,87.3,
1.51,51.02,
0,9.22,
,,
0,13.81,
1,45.94,
0.3,131.3,
1.3,46.38,
2.28,34.72,
0,17.04,
,,
0,21.28,
0,3.74,
0,0,
0,10.76,
2.32,16.24,
0,13.84,
0,77.22,
0.12,280.04,
0,10.84,
0,9.64,
1.64,31.73,
1.06,13.69,
0,29.68,
3.02,41.88,
0.34,44.44,
0,14.56,
0.78,34.62,
2.04,28.28,
0,7.02,
0.33,81.67,
4.84,14.96,
0,37.28,
0,11.02,
0,29.9,
2.78,112.36,
0,10.14,
0,8.32,
0,15.02,
2.54,8.38,
0,19.56,
0.61,27.07,
1.96,40.36,
0.3,129.76,
0,11.6,
1.2,51.8,
0,16.25,
0.22,66.6,
0.58,116.05,
0.28,27.62,
,,
0.62,16.48,
0.3,13.38,
0,8.46,
5.5,23.8,
0.64,47.92,
0.02,13.54,
,,
2.54,131.64,
0,13.84,
1.96,86.84,
0,87.34,
0,17.9,
0.12,24.05,
0.64,0,
0,12.44,
,,
0,8.62,
2.28,42.84,
0,15.28,
0,57.82,
0,18.48,
0.52,103.72,
0.3,65.18,
1.04,12.54,
0,35.86,
0,10.12,
1.3,46.38,
0,14.06,
0.73,25.98,
,,
0.02,43.98,
0,2.78,
0.66,17.78,
2.04,26.98,
,,
0.22,13.7,
0,145.16,
,,
0,12.72,
0.91,69.63,
2.86,62.78,
,,
2.54,21.38,
,,
1.22,38.66,
0,21.92,
0.38,88.54,
1.2,32.66,
,,
0,19.1,
0,27.2,
1.04,67.96,
0,56.28,
0.3,185.18,
0.22,16.22,
0,12.78,
0,169.2,
0,11.14,
,,
1.04,110.66,
3.28,12.14,
0,41.28,
,,
0,34.41,
,,
1.96,14.48,
0.52,11.76,
0.22,69.26,
0.02,23.44,
0,6.72,
3.28,80.78,
0,8.58,
,,
0,24.38,
3.58,26.12,
0,13.02,
,,
2.52,151.16,
0.3,22.5,
1.3,87.54,
0.48,337.66,
0.3,35.86,
1.96,23.98,
0.48,17.38,
0,27.42,
0.3,34.3,
0.34,52.9,
0,4.88,
0,19.12,
0.3,24.6,
0,4.92,
0,46.02,
0,12.4,
0,18.56,
0,44.74,
0.3,117.46,
4.02,196.08,
1,50.26,
0,35.74,
3.1,34.5,
0,194.46,
,,
,,
2.62,31.04,
0,23.54,
0,5.9,
3.37,7.02,
0.88,17.58,
0,23.3,
0,72.76,
1.8,21.48,
0,5.94,
,,
0,99.33,
0,59.68,
,,
0,22.04,
0.22,27.22,
0.33,26.18,
,,
0,100.65,
1.06,15.16,
2.54,158.58,
0.3,31.82,
1.22,27.24,
0,7.58,
1.6,36.4,
3.02,12.32,
0,12.22,
0,11.22,
1.8,64.78,
1.04,102,
0.3,57.28,
0,10.7,
,,
,,
1.04,18.16,
0,19.52,
0,41.8,
0,5.16,
0,4.56,
0.34,15.5,
,,
0,5.94,
0,7.62,
0.02,4.88,
0,39.64,
