ihc_at8,ihc_a_beta,apo_e4_allele
0.0001099126133,0.004595836527,N
0.0001640566383,0.008108064142,N
0.0160231121,0.01721355938,Y
0.0001368746103,0.00386809201,N
6.17E-05,0.04624381549,Y
0.0001819638884,0.002916924031,N
0.004956165864,0.00374233592,N/A
0.0002730100759,0.01638856072,N
0.06945487085,0.05602232062,N
0.0001783896531,0.03046426286,N
0.09930747645,0.06746834844,N
6.02E-05,0.0007922974111,N
0.06311999334,0.0131621016,N
0.03497991857,0.005626939353,N
8.19E-05,0.002409739197,N
3.64E-05,0.02555896894,N/A
0.0001721027409,0.02822831377,Y
0.01593332214,0.01069700517,N
6.52E-05,0.0407525196,N
0.02023035233,0.004118311396,N
0.0001822449158,0.02276248167,N
0.00014003126,0.001832181452,N
0.0001793405902,0.01394744812,N
0.01035747408,0.005796588753,N
9.04E-05,0.0009413432538,N
0.09726983292,0.08658174524,N
0.05623055264,0.01591372243,N
0.0001788465336,0.002121587257,N
0.004874101807,0.01147910804,N
0.003734740546,0.003139584816,N/A
0.0005915335151,0.006305132036,N
0.03635900848,0.002317573597,N
0.0001150745613,0.0007196432729,N
3.05E-05,0.006557043002,N
0.002359653991,0.04796710352,N/A
0.0257808827,0.01926111194,N
0.06560899643,0.07191758221,N
0.06555556809,0.00778196539,N
0.09738844142,0.05814526233,N
0.0001691426751,0.004245405888,N
0.07114958176,0.002040495091,Y
0.07263837521,0.01588104846,N/A
0.07914023295,0.04280415328,N
4.01E-05,0.01088527548,Y
0.0004854257399,0.0005028655835,N
0.0001054808811,0.004123525814,Y
0.000842946051,0.02137136708,Y
0.000195930583,0.002639610459,N
0.000249425695,0.04600621161,N
0.03535309244,0.06373704126,N
0.001401062899,0.03282907869,N
0.008183202223,0.0004133245715,N
4.26E-05,0.0001570916884,N
0.0259914433,0.01538312179,N
0.003226881591,0.04181241141,N/A
0.002045137728,0.001418254383,N
0.001183608952,0.00533130531,N
0.001361010513,0.002409500507,N
0.002582926236,0.01909922021,Y
0.01665667849,0.004894935145,N
0.0064180676,0.04620018876,N
0.0001309778042,0.00082938769,Y
0.01825522667,0.0598024142,N
0.003771127497,0.04300145056,Y
0.0001394679151,0.03758923158,N
0.0002618466513,0.004675922566,N
0.0158908119,0.04896252084,N
0.01357179707,0.003209362355,Y
0.0004978328405,0.01193953763,N
0.00532672022,0.01254000096,N
0.0002104134325,0.001244346083,N
0.0001423201114,0.01343557845,N
0.07460113132,0.06743016432,N
0.0001326162484,0.05205275201,N
9.11E-05,0.0003491246293,Y
0.0001489705743,0.04176069743,N
0.02493378567,0.01348429236,N
0.01118658846,0.01208296711,N
0.007699220875,0.06181204821,N
0.0007934537643,0.0044157745,N
0.002423353805,0.01539480723,Y
0.0001284594333,0.008254591773,N
0.0432214148,0.008093554075,Y
2.72E-05,0.008283529986,N
0.0003698131288,0.003622206446,N
0.08084505411,0.007161183462,N
9.47E-05,0.0004318900186,N
0.0001165896313,0.005270971423,N
3.21E-05,0.07313313615,N/A
1.83E-05,0.0002275470902,Y
0.000582720555,0.05920111754,N
0.000214374194,0.00193683503,Y
8.27E-05,0.03541320752,Y
0.001884093828,0.005479104461,Y
0.02137836445,0.01279209918,N
0.003356138752,0.01296114503,N
0.04725309731,0.00901788071,N
0.0001294917366,0.003840680797,N
0.002529173733,0.04289291978,N
7.01E-05,0.00314851594,N
8.97E-05,0.012312797,N
4.73E-05,0.01000022897,Y
4.41E-05,0.001396502822,N
0.04412413733,0.05753627854,N
0.0001631512125,0.02466272338,N
0.002925581083,0.003251416032,N
5.39E-05,0.001745385079,Y
0.000191720978,0.001505670554,
0.0624293503,0.004686696456,
0.0001411130725,0.0006071351614,
0.0003537978337,0.05736230312,
0.00738484887,0.04817872498,
0.004204010429,0.000883838183,
0.1042294999,0.02532625034,
6.46E-05,0.0004114388859,
0.0006316178713,0.0475874856,
0.01443624927,0.01494535844,
0.0005380251243,0.001427324942,
0.001225844734,0.06326487973,
0.0001020588262,0.001538345634,
0.005569276889,0.0006631044102,
0.05549599087,0.02092667413,
0.03935577972,0.01963921337,
0.07490868656,0.08011054832,
0.0008886456927,0.02700238842,
6.06E-05,0.001809862391,
0.0006402666353,0.0003757513022,
7.07E-05,0.001789698211,
0.004352257584,0.009842537809,
0.06651168337,0.01344684245,
4.12E-05,0.006721050414,
0.06951634728,0.05431411127,
7.57E-05,0.00926010642,
0.0347919716,0.03913273586,
5.33E-05,0.03195896036,
0.1031678797,0.02529560657,
0.0001083574831,0.0315560047,
4.84E-05,0.004187050628,
0.01191009478,0.002754265339,
0.0001277036736,0.04115796069,
0.000149915199,0.0008005262686,
0.000342287893,0.02484044611,
0.0002549166082,0.002472200953,
0.03165848653,0.01377154044,
0.0006649983037,0.01842824629,
8.14E-05,0.01016750045,
0.03273564983,0.08829028824,
0.0164055724,0.01277744039,
0.006621054974,0.002581921733,
0.04763900525,0.005756546884,
0.0008317892645,0.003538129065,
0.07940038863,0.02160187192,
0.1091286329,0.007423773573,
0.09361084848,0.07528065969,
0.00144792472,0.01168322118,
0.003411584596,0.002444647716,
0.0001167928686,0.005244251814,
7.98E-05,0.005763856866,
0.07588041945,0.0164715989,
0.02976357063,0.006852201465,
0.002291309037,0.01971401503,
0.0703555992,0.004183659826,
0.01986173031,0.0137412995,
0.003365739921,0.01172061537,
0.02759022896,0.06234634243,
0.0001723633993,0.006941435133,
0.02884206859,0.01357895947,
0.003363305033,0.01237486752,
0.03958735979,0.008431096825,
0.00175042211,0.04635006543,
0.001650998184,0.05379019574,
0.003179233048,0.004845984897,
0.0001950548838,0.03169090332,
0.0006939642218,0.02146638764,
0.09404563036,0.05104136772,
4.63E-05,0.02819603455,
0.01377548838,0.04515097383,
0.003494035521,0.003621085426,
0.002983745795,0.009039217203,
0.0002537996266,0.002754205664,
6.11E-05,0.0006216698563,
0.04555226186,0.02343832723,
0.001103738018,0.03000390595,
0.04610576679,0.01301856931,
0.0001218228119,0.003615167021,
0.0001007560529,0.0146417396,
7.14E-05,0.03629994301,
3.05E-05,0.0001945976007,
0.000982180999,0.03393735988,
7.47E-05,0.01112998278,
0.0592014082,0.01083043389,
0.0002976324793,0.005317909346,
0.0001161890309,0.0006643868067,
0.07475734334,0.003130422857,
0.0007949051027,0.05543589947,
0.03435330353,0.01419361316,
0.05225233392,0.04569362003,
0.004791106732,0.0200101951,
0.01086013607,0.04120283915,
0.04085603189,0.006255883584,
0.01086840677,0.0003740719317,
0.01544375324,0.01455063557,
0.09779463267,0.01361543635,
0.006780496658,0.008903203237,
0.0008013024154,0.001499662561,
0.0722140072,0.01087569958,
0.00298075612,0.01101859062,
0.02002330221,0.01513995443,
0.06299692573,0.01773025951,
4.88E-05,0.009229611702,
0.0001431533549,0.01374733861,
9.60E-05,0.0001715668896,
0.006560886594,0.00132811381,
0.008356045006,0.02821866627,
3.16E-05,0.01026462704,
0.05692162143,0.01603057503,
0.02039830409,0.00834414047,
0.05888289454,0.01066619559,
0.0001366864324,0.002512495925,
0.001296810686,0.01238646482,
0.03095804712,0.004575854792,
0.001662106694,0.01112816834,
0.05011345892,0.04973990188,
0.05717631909,0.002979370166,
9.93E-05,0.02411831351,
0.0006328187744,0.001009145053,
0.004038519669,0.03733854647,
0.0005553418198,0.02309596341,
4.19E-05,0.0001928396593,
0.007276073486,0.02008743871,
0.0001166872263,0.0008724971794,
0.01411210455,0.06133263245,
0.01785901628,0.006942341477,
3.34E-05,0.002388163934,
8.26E-05,0.004181954076,
0.0006939752162,0.01496368718,
3.45E-05,0.001046189524,
0.1120654597,0.03502975549,
0.05488647619,0.01306371118,
0.002234061127,0.002526473802,
0.003667934429,0.07110403054,
0.03390690011,0.005351667816,
0.0001799143464,0.005857286676,
6.50E-05,0.001426318939,
0.04726618808,0.008275732673,
0.0001053793916,0.02493275621,
0.05543601242,0.01522413256,
4.37E-05,0.0003248564941,
0.0001887949475,0.06580962961,
0.01366496946,0.04949586167,
0.002133694505,0.02138631893,
0.0001267286719,0.0005116586136,
0.005998994548,0.07931498959,
0.0006882831342,0.07643408999,
3.16E-05,0.003385572178,
0.01247902996,0.01233114401,
0.0003148580406,0.005466419178,
0.00206055591,0.009808377077,
0.002024984944,0.009455278201,
0.0264671928,0.008883735172,
5.96E-05,0.0003776622956,
0.002498394241,0.01322114519,
4.42E-05,0.0007693001959,
0.000400051494,0.00201980488,
0.0002431382463,0.008658505182,
3.39E-05,0.004114782401,
0.05004576784,0.04930258084,
0.001033174294,0.006257419332,
0.002817882957,0.002858103122,
0.08267429507,0.06497241697,
5.40E-05,0.009037485668,
0.0007578459098,0.0007384148495,
0.0008792361047,0.008633358366,
0.0002634111903,0.05766800259,
0.008303346235,0.02355768378,
6.99E-05,0.002755488583,
0.0001937150309,0.005182133257,
0.0001694116772,0.00155537423,
0.00389859828,0.004331129756,
0.009598596655,0.0551019262,
7.39E-05,0.002240311673,
4.36E-05,0.004677889913,
9.52E-05,0.002001258698,
0.1038405738,0.06910848841,
8.61E-05,0.003107707282,
0.01243896083,0.007813456723,
7.84E-05,0.01355192855,
0.07414127886,0.01873107183,
0.0811536639,0.03253083605,
5.02E-05,0.009002375096,
5.51E-05,0.007463445543,
0.0004965297633,0.01452597454,
0.01346048716,0.003167517919,
0.02446688227,0.03501514227,
0.000171164535,0.04057561973,
7.40E-05,0.01028430766,
7.91E-05,0.001798122674,
0.0001341170324,0.004047205353,
0.0002114690008,0.0313519705,
0.05073228571,0.01338226952,
0.0001841718997,0.001960587818,
0.006075889754,0.006365995355,
0.0001681103379,0.007066405147,
0.02172989111,0.004054623903,
9.25E-05,0.003552400788,
0.04697854727,0.003650105632,
4.13E-05,0.002714781497,
4.98E-05,0.005416343641,
0.004292767378,0.0581363557,
8.16E-05,0.002559721824,
0.08042342933,0.04729100928,
0.008995189389,0.00453211707,
5.47E-05,0.01406157685,
5.42E-05,0.007676972364,
0.000384644084,0.0006565486981,
3.45E-05,0.001178657986,
0.0001918789712,0.0009225437273,
7.42E-05,0.004602499492,
0.05566384845,0.004791889019,
0.002465223568,0.04060961312,
1.80E-05,0.0003822530122,
0.0001441539835,0.002789631987,
0.02379830824,0.009395815327,
0.02673953354,0.008958981643,
0.08942997572,0.05636910359,
0.002850371617,0.08785675673,
0.0001547360538,0.002081336035,
0.001093085027,0.01311383026,
0.01140174619,0.04699539358,
0.0003642164604,0.01047175784,
0.0002879910912,0.002611517456,
0.01161087769,0.01093002878,
0.06925549674,0.03319374686,
0.0001091500329,0.001332091842,
0.05085577059,0.01632598589,
0.07207328677,0.008062610078,
0.002273982102,0.01277659017,
0.0002175505446,0.02028586782,
0.002372208522,0.01091673068,
7.45E-05,0.01224730938,
0.0003180203922,0.008127448642,
0.04614148204,0.01812848004,
0.0001120666001,0.00316468325,
1.81E-05,0.003155398651,
0.0001333733817,0.003846511513,
8.95E-05,0.007327531916,
0.02233462726,0.003311713748,
0.0006827850724,0.0301580492,
0.0001198739402,0.0001614890628,
6.23E-05,0.005294125659,
0.0001516590568,0.001094810044,
0.01863296858,0.01263466995,
0.0001320545356,0.0002829476525,
0.0006270362908,0.001550783232,
0.0008874646644,0.012152485,
0.03888521442,0.01621620081,
1.86E-05,0.005321025824,
0.0001606096241,0.06630733471,
0.06554408686,0.007112913706,
0.05464587521,0.01051167475,
7.59E-05,0.001806569555,
5.13E-05,0.0004708793893,
6.32E-05,0.004163201778,
0.01041698275,0.007285992732,
6.39E-05,0.001750666827,
0.01547981431,0.002142261627,
0.08154874257,0.04937604529,
0.01306333242,0.004357925407,
0.003875737347,0.04206784709,
0.0004008451702,0.04615080555,
0.02591662849,0.0089758983,
0.0002438307826,0.003371326812,
8.23E-05,0.0009670131242,
0.0009234001251,0.01005714297,
0.009560491717,0.006445264241,
9.28E-05,0.02058508589,
6.76E-05,0.001595673577,
